0:0 10.34762 20.38126 3413.468 3422.007 3435.674 3482.08 3507.914 3537.256 3594.219 109.595 3703.81 3775.111 3798.61 189.8113 198.6398 207.4534 3959.511 3980.983 252.0001 262.3417 272.378 287.5815 291.3496 4145.876 4205.959 4240.666 4259.9 378.1026 388.5658 399.9084 400.5042 400.6988 3515.76 112.5597 130.7148 3770.926 3771.215 180.986 256.6207 4008.437 272.0781 4247.874 4242.274 4239.038 4447.905 4446.688 4440.105 4443.936 4440.482 
1:10.34762 0 10.0381 3403.559 3412.095 3425.759 3472.187 3498.013 3527.348 3584.279 99.28754 3693.852 3765.107 3788.604 179.4716 188.301 197.1127 3949.487 3970.952 241.6598 252.0008 262.0372 277.2641 281.0305 4135.802 4195.911 4230.612 4249.844 367.7631 378.2261 389.5749 390.1898 390.3918 3505.851 107.094 126.0886 3760.953 3761.24 171.8626 246.8144 3998.407 262.9005 4237.807 4232.213 4228.979 4437.801 4436.583 4430.012 4433.841 4430.389 
2:20.38126 10.0381 0 3394.073 3402.607 3416.267 3462.716 3488.534 3517.862 3574.759 89.26994 3684.311 3755.514 3779.009 169.4342 178.2635 187.0759 3939.872 3961.33 231.6227 241.9638 252.0001 267.2345 270.9998 4126.129 4186.268 4220.962 4240.192 357.726 368.1889 379.541 380.1675 380.376 3496.359 102.3154 122.0703 3751.389 3751.668 163.0441 237.2748 3988.772 253.9774 4228.137 4222.545 4219.309 4428.074 4426.857 4420.304 4424.132 4420.684 
3:3413.468 3403.559 3394.073 0 9.000125 23.40034 82.85745 103.854 130.5416 185.2447 3311.689 297.4432 381.6846 405.0224 3234.116 3225.978 3217.201 567.2176 590.518 3175.411 3165.58 3156.181 3146.72 3143.003 768.7608 817.274 853.1948 872.9119 3057.374 3047.604 3037.476 3039.071 3039.041 183.9576 3361.076 3363.508 403.0393 440.0674 3267.422 3188.753 695.4203 3195.075 880.0837 893.8277 916.7722 1164.513 1152.259 1116.706 1112.005 1096.75 
4:3422.007 3412.095 3402.607 9.000125 0 14.40021 76.53747 96.37952 122.4618 176.3287 3320.193 288.5132 372.6866 396.0228 3242.601 3234.459 3225.681 558.221 581.5197 3183.876 3174.042 3164.639 3155.162 3151.444 759.7626 808.2949 844.2139 863.9297 3065.794 3056.021 3045.888 3047.478 3047.447 179.1876 3369.572 3371.998 394.8176 432.476 3275.894 3197.2 687.3501 3203.506 871.2133 885.1503 908.3323 1156.117 1143.786 1108.078 1103.311 1087.979 
5:3435.674 3425.759 3416.267 23.40034 14.40021 0 67.69981 85.03802 109.8326 162.0825 3333.806 274.2348 358.2899 381.6234 3256.182 3248.035 3239.255 543.8267 567.1226 3197.427 3187.587 3178.18 3168.676 3164.956 745.3655 793.9293 829.8454 849.559 3079.275 3069.495 3059.354 3060.935 3060.906 172.262 3383.171 3385.587 381.7366 420.4462 3289.455 3210.722 674.4874 3217.001 857.0265 871.2807 894.8518 1142.702 1130.248 1094.287 1089.412 1073.954 
6:3482.08 3472.187 3462.716 82.85745 76.53747 67.69981 0 27.21966 57.69973 127.6892 3380.532 236.0976 327.1535 349.5545 3302.988 3294.864 3286.088 508.4824 532.043 3244.361 3234.545 3225.162 3215.866 3212.149 711.6122 755.0007 790.9976 810.8204 3126.491 3116.739 3106.532 3107.994 3107.903 118.3914 3428.709 3430.875 331.0849 368.2968 3335.296 3256.775 625.6762 3262.565 814.3822 825.5851 847.4317 1097.31 1085.114 1048.919 1044.626 1029.831 
7:3507.914 3498.013 3488.534 103.854 96.37952 85.03802 27.21966 0 30.49306 101.3575 3406.261 208.9344 300.3457 322.6389 3328.662 3320.528 3311.748 481.3076 504.8752 3269.978 3260.153 3250.76 3241.41 3237.691 684.4881 727.8054 763.8028 783.6235 3151.979 3142.215 3131.997 3133.45 3133.361 113.5398 3454.462 3456.621 306.4935 346.3919 3360.973 3282.378 601.9399 3288.141 787.654 799.5781 822.3218 1072.438 1059.961 1023.16 1018.619 1003.524 
8:3537.256 3527.348 3517.862 130.5416 122.4618 109.8326 57.69973 30.49306 0 73.03072 3435.504 178.6194 270.6832 292.7892 3357.851 3349.708 3340.924 450.9783 474.561 3299.113 3289.279 3279.876 3270.475 3266.754 654.2558 697.3622 733.3605 753.1783 3180.989 3171.214 3160.984 3162.429 3162.343 115.7697 3483.726 3485.878 279.5793 322.9071 3390.164 3311.498 575.8307 3317.235 757.8099 770.6007 794.4327 1044.855 1032.04 994.4771 989.6382 974.1784 
9:3594.219 3584.279 3574.759 185.2447 176.3287 162.0825 127.6892 101.3575 73.03072 0 3492.01 112.2344 200.5569 223.1698 3414.159 3405.979 3397.18 383.5515 407.0381 3355.197 3345.325 3335.882 3326.223 3322.493 586.3659 632.5556 668.5148 688.2594 3236.566 3226.745 3216.514 3217.992 3217.945 162.3005 3540.889 3543.144 237.345 291.8121 3446.961 3367.977 531.0863 3373.88 697.1844 714.5765 742.7289 992.3204 978.3763 938.8325 932.761 915.8387 
10:109.595 99.28754 89.26994 3311.689 3320.193 3333.806 3380.532 3406.261 3435.504 3492.01 0 3601.346 3671.98 3695.449 80.746 89.51483 98.40674 3856.094 3877.471 142.8382 153.1717 163.1905 178.0202 181.7941 4041.721 4102.207 4136.832 4156.026 268.8452 279.2994 290.7552 291.5675 291.9088 3414.043 104.1449 124.147 3668.297 3668.549 98.05508 156.705 3904.988 181.5852 4143.873 4138.359 4135.148 4343.302 4342.086 4335.705 4339.516 4336.092 
11:3703.81 3693.852 3684.311 297.4432 288.5132 274.2348 236.0976 208.9344 178.6194 112.2344 3601.346 0 96.88552 116.8449 3523.341 3515.135 3506.325 272.6627 296.2817 3464.231 3454.337 3444.867 3435.085 3431.348 476.2378 520.5842 556.5592 576.3109 3345.262 3335.411 3325.129 3326.55 3326.496 236.8835 3650.016 3652.189 161.9012 232.3062 3555.923 3476.755 441.1719 3482.456 587.3453 608.3975 641.3165 891.3248 876.0116 833.2547 825.9863 807.61 
12:3775.111 3765.107 3755.514 381.6846 372.6866 358.2899 327.1535 300.3457 270.6832 200.5569 3671.98 96.88552 0 23.72974 3593.653 3585.39 3576.558 186.9027 209.7318 3534.206 3524.256 3514.727 3504.589 3500.839 387.0846 438.2253 473.8888 493.4562 3414.478 3404.559 3394.228 3395.619 3395.594 321.0313 3721.02 3723.21 164.1422 234.8822 3626.442 3546.821 390.3385 3552.484 508.2985 535.5096 573.9515 819.0618 802.4998 758.3272 749.623 729.7696 
13:3798.61 3788.604 3779.009 405.0224 396.0228 381.6234 349.5545 322.6389 292.7892 223.1698 3695.449 116.8449 23.72974 0 3617.103 3608.837 3600.004 163.1964 186.0744 3557.638 3547.686 3538.154 3528.001 3524.25 363.7964 414.5339 450.2029 469.7706 3437.868 3427.947 3417.607 3418.99 3418.963 340.9429 3744.444 3746.62 166.0486 235.865 3649.849 3570.207 375.6698 3575.834 485.5461 514.1205 554.1262 798.9102 781.955 736.8395 727.7622 707.4515 
14:189.8113 179.4716 169.4342 3234.116 3242.601 3256.182 3302.988 3328.662 3357.851 3414.159 80.746 3523.341 3593.653 3617.103 0 8.842888 17.66935 3777.598 3798.928 62.19201 72.53512 82.57 98.42351 102.1154 3962.858 4023.476 4058.059 4077.234 188.2926 198.7552 210.1612 211.0859 211.4629 3336.192 154.0495 167.8092 3589.942 3590.06 83.1498 92.42943 3826.015 129.3624 4064.841 4059.248 4055.954 4263.694 4262.503 4256.278 4260.111 4256.748 
15:198.6398 188.301 178.2635 3225.978 3234.459 3248.035 3294.864 3320.528 3349.708 3405.979 89.51483 3515.135 3585.39 3608.837 8.842888 0 8.939557 3769.308 3790.629 53.37337 63.71802 73.75068 89.62467 93.30806 3954.502 4015.151 4049.727 4068.898 179.4663 189.9287 201.3381 202.2811 202.6756 3328.039 161.1646 174.3507 3581.705 3581.812 86.28833 87.25523 3817.69 125.6647 4056.483 4050.889 4047.589 4255.257 4254.07 4247.868 4251.703 4248.345 
16:207.4534 197.1127 187.0759 3217.201 3225.681 3239.255 3286.088 3311.748 3340.924 3397.18 98.40674 3506.325 3576.558 3600.004 17.66935 8.939557 0 3760.464 3781.782 44.54922 54.88966 64.92667 81.18243 84.82913 3945.634 4006.29 4040.863 4060.033 170.6526 181.1158 192.5228 193.509 193.9101 3319.238 168.4821 181.1247 3572.867 3572.966 90.22365 82.7396 3808.813 122.5871 4047.6 4042.001 4038.698 4246.347 4245.16 4238.963 4242.799 4239.444 
17:3959.511 3949.487 3939.872 567.2176 558.221 543.8267 508.4824 481.3076 450.9783 383.5515 3856.094 272.6627 186.9027 163.1964 3777.598 3769.308 3760.464 0 23.72713 3717.988 3708.013 3698.455 3688.168 3684.411 204.0353 251.8236 287.3941 306.8797 3597.882 3587.93 3577.54 3578.864 3578.832 489.3819 3904.878 3906.968 252.9061 301.8923 3810.121 3730.297 309.4076 3735.71 333.1962 375.7692 429.9214 666.9341 646.7698 594.0912 581.6944 557.3605 
18:3980.983 3970.952 3961.33 590.518 581.5197 567.1226 532.043 504.8752 474.561 407.0381 3877.471 296.2817 209.7318 186.0744 3798.928 3790.629 3781.782 23.72713 0 3739.269 3729.287 3719.72 3709.383 3705.624 180.3099 229.4142 264.8136 284.2171 3619.053 3609.092 3598.691 3600.003 3599.973 512.0729 3926.258 3928.337 272.2752 318.0324 3831.437 3751.549 306.3563 3756.931 312.6728 358.1823 414.7417 648.8431 628.1894 574.6076 561.6303 536.6504 
19:252.0001 241.6598 231.6227 3175.411 3183.876 3197.427 3244.361 3269.978 3299.113 3355.197 142.8382 3464.231 3534.206 3557.638 62.19201 53.37337 44.54922 3717.988 3739.269 0 10.34834 20.38126 38.17247 41.5284 3902.869 3963.661 3998.202 4017.355 126.1042 136.567 148.0154 149.2221 149.7467 3277.387 207.3391 217.7426 3530.639 3530.694 118.6765 73.516 3766.207 116.5655 4004.83 3999.234 3995.916 4203.271 4202.09 4195.986 4199.822 4196.491 
20:262.3417 252.0008 241.9638 3165.58 3174.042 3187.587 3234.545 3260.153 3289.279 3345.325 153.1717 3454.337 3524.256 3547.686 72.53512 63.71802 54.88966 3708.013 3729.287 10.34834 0 10.03737 29.00036 32.08974 3892.834 3953.655 3988.189 4007.34 115.7663 126.2285 137.7022 139.0079 139.5769 3267.553 216.7967 226.7943 3520.725 3520.776 126.7938 75.3619 3756.224 117.8528 3994.802 3989.212 3985.896 4193.197 4192.016 4185.926 4189.76 4186.431 
21:272.378 262.0372 252.0001 3156.181 3164.639 3178.18 3225.162 3250.76 3279.876 3335.882 163.1905 3444.867 3514.727 3538.154 82.57 73.75068 64.92667 3698.455 3719.72 20.38126 10.03737 0 20.943 23.4786 3883.209 3944.062 3978.588 3997.735 105.7302 116.192 127.6856 129.0789 129.6951 3258.144 225.9615 235.578 3511.228 3511.27 134.8402 78.23117 3746.641 119.7327 3985.178 3979.59 3976.273 4183.507 4182.327 4176.257 4180.091 4176.766 
22:287.5815 277.2641 267.2345 3146.72 3155.162 3168.676 3215.866 3241.41 3270.475 3326.223 178.0202 3435.085 3504.589 3528.001 98.42351 89.62467 81.18243 3688.168 3709.383 38.17247 29.00036 20.943 0 3.829864 3872.524 3933.627 3968.11 3987.233 92.02548 102.349 114.0692 115.6843 116.648 3248.904 241.2009 250.5552 3501.528 3501.614 149.6163 88.56417 3736.603 127.5318 3974.725 3969.246 3965.984 4172.829 4171.646 4165.672 4169.483 4166.154 
23:291.3496 281.0305 270.9998 3143.003 3151.444 3164.956 3212.149 3237.691 3266.754 3322.493 181.7941 3431.348 3500.839 3524.25 102.1154 93.30806 84.82913 3684.411 3705.624 41.5284 32.08974 23.4786 3.829864 0 3868.751 3929.86 3964.341 3983.462 88.19785 98.51987 110.2503 111.913 112.9005 3245.174 244.636 253.8561 3497.776 3497.858 152.6954 90.25095 3732.827 128.6944 3970.945 3965.463 3962.199 4169.029 4167.846 4161.878 4165.689 4162.363 
24:4145.876 4135.802 4126.129 768.7608 759.7626 745.3655 711.6122 684.4881 654.2558 586.3659 4041.721 476.2378 387.0846 363.7964 3962.858 3954.502 3945.634 204.0353 180.3099 3902.869 3892.834 3883.209 3872.524 3868.751 0 84.36657 108.5477 124.0112 3781.908 3771.882 3761.404 3762.638 3762.62 686.907 4090.503 4092.509 433.7874 462.5064 3995.252 3914.937 340.8421 3920.087 182.8947 258.01 333.0781 525.8529 500.9968 439.7706 421.1468 389.9534 
25:4205.959 4195.911 4186.268 817.274 808.2949 793.9293 755.0007 727.8054 697.3622 632.5556 4102.207 520.5842 438.2253 414.5339 4023.476 4015.151 4006.29 251.8236 229.4142 3963.661 3953.655 3944.062 3933.627 3929.86 84.36657 0 36.00026 55.82994 3843.084 3833.094 3822.589 3823.761 3823.696 724.8055 4150.137 4151.979 464.9592 488.1891 4055.214 3975.159 339.5891 3980.016 129.8007 212.3474 293.3578 481.7995 455.6006 387.6927 367.771 334.3612 
26:4240.666 4230.612 4220.962 853.1948 844.2139 829.8454 790.9976 763.8028 733.3605 668.5148 4136.832 556.5592 473.8888 450.2029 4058.059 4049.727 4040.863 287.3941 264.8136 3998.202 3988.189 3978.588 3968.11 3964.341 108.5477 36.00026 0 19.88227 3877.528 3867.529 3857.013 3858.173 3858.108 760.3255 4184.741 4186.567 499.6286 521.0698 4089.764 4009.655 361.0601 4014.47 119.9583 207.4251 290.0433 462.462 435.2479 364.9776 343.3632 307.9407 
27:4259.9 4249.844 4240.192 872.9119 863.9297 849.559 810.8204 783.6235 753.1783 688.2594 4156.026 576.3109 493.4562 469.7706 4077.234 4068.898 4060.033 306.8797 284.2171 4017.355 4007.34 3997.735 3987.233 3983.462 124.0112 55.82994 19.88227 0 3896.635 3886.632 3876.113 3877.271 3877.208 780.1611 4203.96 4205.788 519.227 540.0117 4108.955 4028.817 375.1763 4033.629 120.7212 209.1453 291.9119 454.27 426.4873 354.9121 332.2633 295.6106 
28:378.1026 367.7631 357.726 3057.374 3065.794 3079.275 3126.491 3151.979 3180.989 3236.566 268.8452 3345.262 3414.478 3437.868 188.2926 179.4663 170.6526 3597.882 3619.053 126.1042 115.7663 105.7302 92.02548 88.19785 3781.908 3843.084 3877.528 3896.635 0 10.46646 22.72245 28.31508 30.92526 3159.125 325.1815 331.8824 3411.241 3411.154 228.7739 150.8588 3645.66 175.7773 3883.821 3878.216 3874.843 4081.322 4080.166 4074.338 4078.181 4074.923 
29:388.5658 378.2261 368.1889 3047.604 3056.021 3069.495 3116.739 3142.215 3171.214 3226.745 279.2994 3335.411 3404.559 3427.947 198.7552 189.9287 181.1158 3587.93 3609.092 136.567 126.2285 116.192 102.349 98.51987 3771.882 3833.094 3867.529 3886.632 10.46646 0 13.19355 21.43441 24.82441 3149.349 335.3048 341.8227 3401.365 3401.272 238.7133 160.2122 3635.695 183.9218 3873.802 3868.203 3864.831 4071.239 4070.083 4064.275 4068.116 4064.862 
30:399.9084 389.5749 379.541 3037.476 3045.888 3059.354 3106.532 3131.997 3160.984 3216.514 290.7552 3325.129 3394.228 3417.607 210.1612 201.3381 192.5228 3577.54 3598.691 148.0154 137.7022 127.6856 114.0692 110.2503 3761.404 3822.589 3857.013 3876.113 22.72245 13.19355 0 11.40808 15.20726 3138.861 344.4546 350.382 3390.747 3390.491 247.3477 167.5288 3624.689 188.7961 3863.049 3857.292 3853.77 4059.947 4058.842 4053.173 4057.066 4053.888 
31:400.5042 390.1898 380.1675 3039.071 3047.478 3060.935 3107.994 3133.45 3162.429 3217.992 291.5675 3326.55 3395.619 3418.99 211.0859 202.2811 193.509 3578.864 3600.003 149.2221 139.0079 129.0789 115.6843 111.913 3762.638 3823.761 3858.173 3877.271 28.31508 21.43441 11.40808 0 4.16274 3139.912 342.1041 347.3746 3391.671 3391.162 244.5695 163.6497 3625.061 182.6978 3863.857 3857.847 3854.083 4059.918 4058.9 4053.449 4057.427 4054.372 
32:400.6988 390.3918 380.376 3039.041 3047.447 3060.906 3107.903 3133.361 3162.343 3217.945 291.9088 3326.496 3395.594 3418.963 211.4629 202.6756 193.9101 3578.832 3599.973 149.7467 139.5769 129.6951 116.648 112.9005 3762.62 3823.696 3858.108 3877.208 30.92526 24.82441 15.20726 4.16274 0 3139.679 341.2848 346.3189 3391.445 3390.849 243.6195 162.3525 3624.692 180.6178 3863.674 3857.57 3853.723 4059.491 4058.502 4053.109 4057.116 4054.101 
33:3515.76 3505.851 3496.359 183.9576 179.1876 172.262 118.3914 113.5398 115.7697 162.3005 3414.043 236.8835 321.0313 340.9429 3336.192 3328.039 3319.238 489.3819 512.0729 3277.387 3267.553 3258.144 3248.904 3245.174 686.907 724.8055 760.3255 780.1611 3159.125 3149.349 3138.861 3139.912 3139.679 0 3459.216 3460.667 268.3463 284.6223 3365.902 3287.275 547.8027 3291.563 766.894 766.2444 778.1362 1025.079 1015.38 985.1429 983.8722 973.2502 
34:112.5597 107.094 102.3154 3361.076 3369.572 3383.171 3428.709 3454.462 3483.726 3540.889 104.1449 3650.016 3721.02 3744.444 154.0495 161.1646 168.4821 3904.878 3926.258 207.3391 216.7967 225.9615 241.2009 244.636 4090.503 4150.137 4184.741 4203.96 325.1815 335.3048 344.4546 342.1041 341.2848 3459.216 0 21.65289 3713.291 3711.664 98.04985 181.0101 3946.519 181.8196 4189.206 4181.683 4176.619 4382.866 4382.293 4377.354 4381.823 4379.299 
35:130.7148 126.0886 122.0703 3363.508 3371.998 3385.587 3430.875 3456.621 3485.878 3543.144 124.147 3652.189 3723.21 3746.62 167.8092 174.3507 181.1247 3906.968 3928.337 217.7426 226.7943 235.578 250.5552 253.8561 4092.509 4151.979 4186.567 4205.788 331.8824 341.8227 350.382 347.3746 346.3189 3460.667 21.65289 0 3714.591 3712.524 103.1179 184.4308 3946.92 180.1257 4190.419 4182.439 4176.948 4382.672 4382.249 4377.664 4382.283 4379.971 
36:3770.926 3760.953 3751.389 403.0393 394.8176 381.7366 331.0849 306.4935 279.5793 237.345 3668.297 161.9012 164.1422 166.0486 3589.942 3581.705 3572.867 252.9061 272.2752 3530.639 3520.725 3511.228 3501.528 3497.776 433.7874 464.9592 499.6286 519.227 3411.241 3401.365 3390.747 3391.671 3391.445 268.3463 3713.291 3714.591 0 75.68417 3619.357 3540.093 297.1441 3543.967 498.8622 499.1994 516.7807 767.3443 755.3375 720.4701 717.7651 705.7344 
37:3771.215 3761.24 3751.668 440.0674 432.476 420.4462 368.2968 346.3919 322.9071 291.8121 3668.549 232.3062 234.8822 235.865 3590.06 3581.812 3572.966 301.8923 318.0324 3530.694 3520.776 3511.27 3501.614 3497.858 462.5064 488.1891 521.0698 540.0117 3411.154 3401.272 3390.491 3391.162 3390.849 284.6223 3711.664 3712.524 75.68417 0 3617.858 3538.591 263.3248 3541.544 502.6635 489.6022 495.0414 741.045 731.7819 703.7811 704.2859 696.7518 
38:180.986 171.8626 163.0441 3267.422 3275.894 3289.455 3335.296 3360.973 3390.164 3446.961 98.05508 3555.923 3626.442 3649.849 83.1498 86.28833 90.22365 3810.121 3831.437 118.6765 126.7938 134.8402 149.6163 152.6954 3995.252 4055.214 4089.764 4108.955 228.7739 238.7133 247.3477 244.5695 243.6195 3365.902 98.04985 103.1179 3619.357 3617.858 0 83.06252 3852.329 91.12671 4094.322 4087.026 4082.148 4288.128 4287.492 4282.54 4286.934 4284.347 
39:256.6207 246.8144 237.2748 3188.753 3197.2 3210.722 3256.775 3282.378 3311.498 3367.977 156.705 3476.755 3546.821 3570.207 92.42943 87.25523 82.7396 3730.297 3751.549 73.516 75.3619 78.23117 88.56417 90.25095 3914.937 3975.159 4009.655 4028.817 150.8588 160.2122 167.5288 163.6497 162.3525 3287.275 181.0101 184.4308 3540.093 3538.591 83.06252 0 3772.56 43.21395 4014.127 4006.914 4002.086 4207.656 4207.003 4202.145 4206.513 4203.928 
40:4008.437 3998.407 3988.772 695.4203 687.3501 674.4874 625.6762 601.9399 575.8307 531.0863 3904.988 441.1719 390.3385 375.6698 3826.015 3817.69 3808.813 309.4076 306.3563 3766.207 3756.224 3746.641 3736.603 3732.827 340.8421 339.5891 361.0601 375.1763 3645.66 3635.695 3624.689 3625.061 3624.692 547.8027 3946.519 3946.92 297.1441 263.3248 3852.329 3772.56 0 3774.462 292.1143 249.1105 236.2614 477.9828 469.5141 446.525 450.4448 449.0885 
41:272.0781 262.9005 253.9774 3195.075 3203.506 3217.001 3262.565 3288.141 3317.235 3373.88 181.5852 3482.456 3552.484 3575.834 129.3624 125.6647 122.5871 3735.71 3756.931 116.5655 117.8528 119.7327 127.5318 128.6944 3920.087 3980.016 4014.47 4033.629 175.7773 183.9218 188.7961 182.6978 180.6178 3291.563 181.8196 180.1257 3543.967 3541.544 91.12671 43.21395 3774.462 0 4017.659 4009.506 4003.788 4208.172 4207.835 4203.745 4208.425 4206.286 
42:4247.874 4237.807 4228.137 880.0837 871.2133 857.0265 814.3822 787.654 757.8099 697.1844 4143.873 587.3453 508.2985 485.5461 4064.841 4056.483 4047.6 333.1962 312.6728 4004.83 3994.802 3985.178 3974.725 3970.945 182.8947 129.8007 119.9583 120.7212 3883.821 3873.802 3863.049 3863.857 3863.674 766.894 4189.206 4190.419 498.8622 502.6635 4094.322 4014.127 292.1143 4017.659 0 89.14928 171.5605 355.3218 330.428 266.8274 251.079 224.5865 
43:4242.274 4232.213 4222.545 893.8277 885.1503 871.2807 825.5851 799.5781 770.6007 714.5765 4138.359 608.3975 535.5096 514.1205 4059.248 4050.889 4042.001 375.7692 358.1823 3999.234 3989.212 3979.59 3969.246 3965.463 258.01 212.3474 207.4251 209.1453 3878.216 3868.203 3857.292 3857.847 3857.57 766.2444 4181.683 4182.439 499.1994 489.6022 4087.026 4006.914 249.1105 4009.506 89.14928 0 82.82188 297.5352 277.0238 225.5585 219.4487 207.4248 
44:4239.038 4228.979 4219.309 916.7722 908.3323 894.8518 847.4317 822.3218 794.4327 742.7289 4135.148 641.3165 573.9515 554.1262 4055.954 4047.589 4038.698 429.9214 414.7417 3995.916 3985.896 3976.273 3965.984 3962.199 333.0781 293.3578 290.0433 291.9119 3874.843 3864.831 3853.77 3854.083 3853.723 778.1362 4176.619 4176.948 516.7807 495.0414 4082.148 4002.086 236.2614 4003.788 171.5605 82.82188 0 254.785 241.229 210.9365 216.463 221.0381 
45:4447.905 4437.801 4428.074 1164.513 1156.117 1142.702 1097.31 1072.438 1044.855 992.3204 4343.302 891.3248 819.0618 798.9102 4263.694 4255.257 4246.347 666.9341 648.8431 4203.271 4193.197 4183.507 4172.829 4169.029 525.8529 481.7995 462.462 454.27 4081.322 4071.239 4059.947 4059.918 4059.491 1025.079 4382.866 4382.672 767.3443 741.045 4288.128 4207.656 477.9828 4208.172 355.3218 297.5352 254.785 0 30.90308 111.3989 140.1138 183.3583 
46:4446.688 4436.583 4426.857 1152.259 1143.786 1130.248 1085.114 1059.961 1032.04 978.3763 4342.086 876.0116 802.4998 781.955 4262.503 4254.07 4245.16 646.7698 628.1894 4202.09 4192.016 4182.327 4171.646 4167.846 500.9968 455.6006 435.2479 426.4873 4080.166 4070.083 4058.842 4058.9 4058.502 1015.38 4382.293 4382.249 755.3375 731.7819 4287.492 4207.003 469.5141 4207.835 330.428 277.0238 241.229 30.90308 0 81.48753 109.5557 152.6327 
47:4440.105 4430.012 4420.304 1116.706 1108.078 1094.287 1048.919 1023.16 994.4771 938.8325 4335.705 833.2547 758.3272 736.8395 4256.278 4247.868 4238.963 594.0912 574.6076 4195.986 4185.926 4176.257 4165.672 4161.878 439.7706 387.6927 364.9776 354.9121 4074.338 4064.275 4053.173 4053.449 4053.109 985.1429 4377.354 4377.664 720.4701 703.7811 4282.54 4202.145 446.525 4203.745 266.8274 225.5585 210.9365 111.3989 81.48753 0 30.8138 73.92753 
48:4443.936 4433.841 4424.132 1112.005 1103.311 1089.412 1044.626 1018.619 989.6382 932.761 4339.516 825.9863 749.623 727.7622 4260.111 4251.703 4242.799 581.6944 561.6303 4199.822 4189.76 4180.091 4169.483 4165.689 421.1468 367.771 343.3632 332.2633 4078.181 4068.116 4057.066 4057.427 4057.116 983.8722 4381.823 4382.283 717.7651 704.2859 4286.934 4206.513 450.4448 4208.425 251.079 219.4487 216.463 140.1138 109.5557 30.8138 0 43.71199 
49:4440.482 4430.389 4420.684 1096.75 1087.979 1073.954 1029.831 1003.524 974.1784 915.8387 4336.092 807.61 729.7696 707.4515 4256.748 4248.345 4239.444 557.3605 536.6504 4196.491 4186.431 4176.766 4166.154 4162.363 389.9534 334.3612 307.9407 295.6106 4074.923 4064.862 4053.888 4054.372 4054.101 973.2502 4379.299 4379.971 705.7344 696.7518 4284.347 4203.928 449.0885 4206.286 224.5865 207.4248 221.0381 183.3583 152.6327 73.92753 43.71199 0 
